County	Jan	Feb	Mar	Apr	May	Jun	Jul	Aug	Sep	Oct	Nov	Dec
Aurora	18.80	23.27	33.77	46.60	58.18	68.12	74.18	72.46	62.57	48.85	33.97	21.21
Beadle	15.56	20.47	31.83	45.72	57.62	67.36	73.22	71.21	61.33	47.57	32.23	18.75
Bennett	24.03	27.20	35.71	45.88	56.57	66.25	73.74	72.21	61.74	48.36	34.58	24.44
Bon Homme	19.91	24.43	35.03	47.75	59.28	69.32	74.73	72.85	63.28	49.87	34.98	22.34
Brookings	13.09	18.03	29.78	44.08	56.29	65.93	70.79	68.59	59.23	45.99	30.72	16.85
Brown	11.44	16.89	29.10	44.11	56.49	65.89	71.40	69.33	59.10	45.51	29.49	15.74
Brule	19.13	23.57	33.73	46.13	57.59	67.54	74.06	72.39	62.44	48.64	33.80	21.33
Buffalo	17.48	22.24	32.87	45.71	57.38	67.30	73.94	72.29	62.08	48.01	32.99	20.16
Butte	21.17	24.35	32.91	44.08	54.19	64.18	72.03	70.65	59.34	46.05	32.24	21.77
Campbell	13.46	18.40	29.58	43.71	55.54	65.04	71.31	69.74	59.04	45.37	29.64	16.77
Charles Mix	20.63	24.96	35.00	47.16	58.51	68.48	74.61	72.98	63.24	49.62	35.04	22.74
Clark	13.01	17.90	29.69	44.27	56.46	66.06	71.70	69.63	59.80	46.11	30.38	16.67
Clay	18.26	23.01	34.28	47.54	59.26	69.23	73.56	71.41	62.37	49.43	34.37	20.94
Codington	12.33	17.20	29.12	43.81	56.19	65.84	71.20	69.01	59.21	45.78	30.13	16.27
Corson	15.67	20.00	30.35	43.84	55.23	64.81	71.67	70.22	59.12	45.59	30.23	17.97
Custer	24.65	26.95	35.01	43.79	53.79	63.22	70.99	69.56	59.19	46.53	33.93	24.46
Davison	18.39	22.97	33.75	47.00	58.69	68.68	74.35	72.52	62.69	49.00	34.00	20.96
Day	12.07	17.06	29.08	44.01	56.50	65.92	71.40	69.45	59.52	45.96	30.00	16.15
Deuel	13.01	17.93	29.57	44.12	56.59	66.20	71.27	69.02	59.52	46.29	30.85	17.06
Dewey	17.23	21.51	31.68	44.99	56.28	66.07	73.10	71.74	60.81	47.11	31.75	19.49
Douglas	19.85	24.29	34.62	47.24	58.71	68.70	74.62	72.97	63.18	49.54	34.82	22.15
Edmunds	13.04	18.07	29.41	43.83	55.85	65.38	71.34	69.47	59.09	45.55	29.83	16.54
Fall River	24.56	27.51	36.35	45.55	55.63	65.29	73.27	71.71	60.97	47.72	34.38	24.16
Faulk	14.54	19.52	30.77	44.86	56.64	66.15	72.25	70.50	60.26	46.64	31.09	17.81
Grant	12.63	17.60	29.36	44.25	56.90	66.57	71.64	69.37	59.80	46.45	30.75	16.93
Gregory	21.04	25.05	34.62	46.32	57.63	67.64	74.08	72.42	62.61	49.01	34.52	22.71
Haakon	21.36	25.08	34.14	46.08	57.00	66.85	74.51	73.29	62.32	48.41	33.71	22.44
Hamlin	12.57	17.53	29.39	43.86	56.05	65.72	70.98	68.71	59.10	45.61	30.14	16.23
Hand	16.30	21.00	32.00	45.38	57.11	66.79	73.06	71.25	61.24	47.44	32.28	19.31
Hanson	17.42	22.14	33.17	46.77	58.56	68.63	73.92	71.86	62.22	48.67	33.45	20.10
Harding	18.71	22.23	31.33	42.81	53.27	63.03	70.73	69.35	57.95	44.52	30.45	19.65
Hughes	18.04	22.56	32.91	45.58	57.02	66.93	73.97	72.59	62.12	48.00	33.03	20.41
Hutchinson	18.59	23.20	34.02	47.25	58.94	69.08	74.30	72.30	62.74	49.30	34.22	21.13
Hyde	16.36	21.19	32.05	45.21	56.77	66.43	73.09	71.54	61.29	47.30	32.07	19.16
Jackson	22.99	26.42	35.17	45.93	56.78	66.60	74.32	72.87	62.08	48.33	34.20	23.58
Jerauld	17.63	22.26	33.07	46.31	58.04	67.86	74.00	72.19	62.26	48.45	33.40	20.35
Jones	21.53	25.20	34.35	46.19	57.21	67.18	74.54	73.21	62.80	48.96	34.43	22.94
Kingsbury	14.09	19.08	30.63	45.01	56.94	66.64	71.99	69.83	60.29	46.71	31.14	17.42
Lake	14.54	19.62	31.07	45.23	57.25	66.94	71.93	69.75	60.50	47.05	31.73	17.94
Lawrence	24.66	26.20	33.38	42.46	52.18	61.69	69.50	68.04	57.56	45.34	33.10	24.57
Lincoln	16.57	21.52	33.19	46.86	58.83	68.73	73.10	70.79	61.64	48.54	33.42	19.68
Lyman	19.87	24.17	33.99	46.11	57.44	67.41	74.37	72.92	62.74	48.78	34.05	21.82
Marshall	10.90	16.06	28.33	43.79	56.44	65.85	71.28	69.38	59.23	45.63	29.52	15.46
McCook	16.29	21.27	32.48	46.32	58.27	68.28	73.21	70.95	61.58	48.19	32.89	19.26
McPherson	12.19	17.25	28.70	43.27	55.37	64.82	70.81	68.86	58.45	44.95	29.18	15.93
Meade	21.45	24.63	33.26	44.37	54.77	64.62	72.33	71.08	60.06	46.81	32.82	22.33
Mellette	22.72	26.10	34.94	46.05	57.00	66.91	74.26	72.87	62.49	48.88	34.75	23.83
Miner	15.51	20.54	31.86	45.98	57.80	67.58	72.91	70.77	61.27	47.67	32.17	18.53
Minnehaha	15.44	20.42	32.03	45.97	58.07	67.85	72.50	70.17	60.95	47.73	32.54	18.76
Moody	13.84	18.76	30.54	44.77	56.88	66.56	71.24	68.91	59.75	46.60	31.40	17.46
Pennington	23.20	25.84	34.06	43.90	54.19	63.90	71.63	70.25	59.54	46.56	33.34	23.46
Perkins	17.84	21.68	31.13	43.49	54.30	63.96	71.52	70.10	58.72	45.22	30.60	19.28
Potter	15.55	20.18	31.05	44.60	56.08	65.79	72.32	70.87	60.37	46.67	31.26	18.45
Roberts	11.74	16.68	28.78	44.18	57.01	66.47	71.63	69.46	59.55	46.21	30.28	16.21
Sanborn	16.88	21.67	32.76	46.45	58.22	68.09	73.78	71.82	62.04	48.34	33.07	19.70
Shannon	24.45	27.43	35.89	45.60	56.00	65.74	73.53	72.01	61.19	47.79	34.49	24.47
Spink	13.28	18.48	30.52	44.81	56.93	66.57	72.29	70.23	60.17	46.38	30.74	17.02
Stanley	20.10	24.00	33.57	46.11	57.25	67.24	74.60	73.29	62.67	48.77	33.90	21.99
Sully	17.36	21.73	32.21	45.27	56.65	66.54	73.40	72.03	61.52	47.63	32.52	19.91
Todd	23.07	26.24	34.91	45.52	56.45	66.38	73.54	71.99	61.77	48.51	34.57	24.01
Tripp	21.86	25.69	34.83	46.21	57.34	67.38	74.16	72.61	62.65	49.11	34.76	23.22
Turner	17.09	21.99	33.34	46.91	58.79	68.80	73.42	71.15	61.88	48.72	33.55	19.96
Union	17.93	22.78	34.21	47.47	59.21	69.18	73.40	71.22	62.15	49.32	34.33	20.86
Walworth	14.44	19.35	30.28	44.15	55.85	65.45	71.82	70.31	59.63	45.95	30.35	17.57
Yankton	19.15	23.75	34.61	47.76	59.39	69.47	74.40	72.38	63.04	49.84	34.71	21.66
Ziebach	18.99	22.80	32.29	45.01	55.98	65.78	73.25	72.08	60.93	47.16	32.18	20.60